0.2284298 -0.1769052 0.2942103
-0.06582743 0.05601454 -0.2951931
0.1273631 -0.1465421 -0.2981703
0.1950265 0.006493308 0.1964162
-0.1496452 0.3636955 0.1416754
-0.2608359 0.3485377 -0.2609914
0.2984781 -0.1257008 0.1403849
-0.1599737 0.2233161 0.2415232
0.2358879 -0.03554389 0.3517271
0.1632462 0.1337897 0.1036705
0.2641141 0.3405755 0.1013718
0.2416804 0.2589826 0.2639814
0.114191 -0.1490065 -0.009210125
0.1922339 0.1924952 0.3383512
-0.08830701 0.0902871 0.2739947
0.1519074 0.06511816 0.2274192
0.3661012 -0.1259279 0.06458215
-0.2216364 -0.3967833 -0.1252292
-0.1473827 0.2001832 -0.02278502
-0.1599851 -0.07027757 0.09912581
0.1409249 0.2113957 0.1605019
0.1342461 0.06648473 -0.07038931
0.03250356 0.1874829 -0.05810899
0.268197 0.2602106 -0.1473171
-0.3211623 -0.1009722 0.2873631
-0.1486579 0.2227969 0.2385738
-0.1408953 -0.03521853 0.002640717
-0.02181708 0.1631633 -0.2530283
0.1031306 0.2745333 -0.1923645
-0.1871131 0.009056106 0.1038753
0.3844178 -0.3598635 -0.02433851
0.04714018 0.2207831 0.00879848
-0.2362328 -0.118114 0.1658271
0.08635733 -0.1562633 0.1263427
0.1224371 0.1167028 0.08761188
0.05096823 0.1046024 -0.1591475
-0.1354139 -0.0005572662 0.1039724
0.2169976 -0.1404286 -0.1475048
-0.1027095 0.02708432 -0.1321453
-0.2279202 0.2145308 0.1956709
0.3151348 0.2528267 -0.00480172
-0.1405535 -0.0876533 -0.2637069
0.2734266 -0.3561226 0.05136317
0.009790674 0.2670597 -0.1586708
-0.1807591 0.2021975 0.01346993
-0.09141706 0.04633521 -0.07668475
-0.002024092 0.08018594 0.05501675
-0.1664242 -0.1426872 0.2192086
0.1877549 0.2640354 0.02277369
-0.295832 0.0723061 -0.2306027
0.08438794 0.1634289 -0.06320517
-0.07495605 0.01624601 0.02525316
0.2806123 -0.06279656 -0.06991589
0.02594817 -0.09919126 0.01029387
-0.070883 -0.09001499 -0.1432279
-0.04425926 0.2655828 -0.3413569
0.1351653 -0.2001941 -0.1482619
-0.2477437 -0.1964132 0.0147984
0.1658379 -0.05021722 -0.01848134
-0.1934032 -0.064688 -0.2347115
0.2322329 -0.3509648 0.2777398
-0.2824198 -0.05121039 0.2261879
-0.2214479 0.0004699007 -0.01649549
-0.0293278 0.1552835 0.122336
-0.007110126 0.2601325 -0.03486411
